
epoch 95
[0.08640919989964087 ,0.33800840377807617, 0.8984971667898497]

epoch 96
[0.08862563591638795 ,0.31362834572792053, 0.9072431633407243]

epoch 97
[0.08381228060416587 ,0.34180325269699097, 0.8981276176398127]

epoch 98
[0.0897754175557462 ,0.34616947174072266, 0.8955407735895541]

epoch 99
[0.07718936335988653 ,0.3779267966747284, 0.8811283567381129]

Saving model at step 55500
Saving model at step 55500
[[ 250    3    0    2    2    0    0    0    0    2    0    2]
 [   1  223    3    8    0    0    0    0    0   21    0   14]
 [   0    1  234    3    3    0    1    7    4    0    0    7]
 [   1    5    1  244    0    0    0    0    3    5    0    5]
 [   5    3    0    0  223    1    0    0    0    0    0   15]
 [   0    3    3    1    3  230    0    0    0    0    0   16]
 [   0    0    3    3    0    1  219    7    0    2    0   22]
 [   1    0   16    1    0    0    9  225    0    0    0    4]
 [   0    2    8    5    1    1    0    3  210    3    0   13]
 [   0    9    3   14    0    0    1    4    1  220    0    8]
 [   0    0    0    0    0    0    0    0    0    0 1320    0]
 [  29   68   44  165   34   65   85   26   34  113    3 3555]]

